process 300:
Genome: 0.999847 0.000152593 3.05185e-005 0.000549333 0 0.0387585 0 0.00152593 0.780084 0.00448622

process 300:
Genome: 0.82046 9.15555e-005 0 0.0167547 0 0.0416272 0 0 0.812647 0.00543229

process 400:
Genome: 0.044496 0.000305185 0.000122074 0.893399 0.00515763 0.379254 0 0 0.00430311 3.05185e-005

process 250:
Genome: 0.864834 9.15555e-005 0 0.0254524 0 0.0454726 0 0 0.851772 0.00595111

process 325:
Genome: 0.036317 0.000244148 0 0.714896 0.00546281 0.987854 0 0 0.0171819 3.05185e-005

Genome: 0.0561541 0 3.05185e-005 0.983184 0.00689718 0.735832 0 3.05185e-005 0.0316172 0 0.158666

Genome: 0.0625935 6.1037e-005 6.1037e-005 0.840388 0.0166631 0.834376 0.000671407 0.00112918 0.0811792 3.05185e-005 0.951231

Genome: 0.0625935 6.1037e-005 6.1037e-005 0.840266 0.0166631 0.82461 0 3.05185e-005 0.0811792 0 0.943052

Genome: 0.062624 6.1037e-005 3.05185e-005 0.818262 0.00927763 0.939848 0 3.05185e-005 0.0812403 0 0.351604

Genome: 0.0431532 6.1037e-005 3.05185e-005 0.775994 0.00927763 0.950682 0 0 0.0623493 0 0.38258

Genome: 0.0431532 0.00582904 3.05185e-005 0.73806 0.00344859 0.249702 0 0 0.00289926 0 0.32783

Genome: 0.0431532 0.00582904 3.05185e-005 0.73806 0.00344859 0.400433 0 0 0.00473037 0 0.32963

Genome: 0.0431532 0.00582904 3.05185e-005 0.73806 0.00344859 0.400433 0 0 0.00473037 0 0.32963

Genome: 0.242073 0 0 0.00381481 0 0.0548112 0 0 0.843562 0.00509659 0.0760216

Genome: 0.719016 0 0 0.00381481 0 0.0534379 0 0 0.982269 0.00466933 0.145634

Genome: 0.944121 0 0 0.0256661 0 0.0455947 0 0 0.899442 0.00582904 0.315989

Genome: 0.271157 0.630787 0.0925626 0.24546 0.416272 0.999115 0 0 0.143132 0.00335704 0.61861

TEMP MIN 20

Pressure: 117901
Genome: 0.0449538 0 0 0.701529 0.0137333 0.333506 0 0 0.033784 9.15555e-005 0.627766

Pressure: 128420
Genome: 0.536485 0 0 0.0462355 6.1037e-005 0.0521867 0 0 0.971923 0.00872829 0.74044

Pressure: 130158
Genome: 0.0734275 0 0 0.005768 6.1037e-005 0.0545976 0 0 0.973113 0.00662252 0.153722

Pressure: 130271
Genome: 0.880184 0 0 0.069277 6.1037e-005 0.0496841 0 0 0.9729 0.00662252 0.303568

Pressure: 130762
Genome: 0.0587481 0 0 0.921781 0.00585955 0.462966 0 0 0.0341807 6.1037e-005 0.0837733

Pressure: 128305
Genome: 0.0379955 0 0 0.700339 0.0089114 0.941557 0 0 0.081637 6.1037e-005 0.29902

Pressure: 130828
Genome: 0.0587481 0 0 0.986328 0.00585955 0.462905 0 0 0.0341807 6.1037e-005 0.107639


Genome: 0.0481887 0 0 0.9447 0.00607318 0.722434 0 0 0.0493179 0.000152593 0.264199

Pressure: 121466, reliable
Genome: 0.702811 0 0.00021363 0.034547 9.15555e-005 0.0368664 0 0 0.609149 0.00469985 0.0842616

Pressure: 120594, reliable
Genome: 0.806116 0 0.000274667 0.0488601 9.15555e-005 0.0490127 0 0 0.972808 0.005768 0.280374

Pressure: 121358, reliable
Genome: 0.0513321 0.000122074 0 0.980895 0.00491348 0.684133 0 0 0.035371 9.15555e-005 0.16242
